Day,Rain,ActiveMode,ActiveNorm,ActiveModeCounterToInactiveNorm,InactiveModeCounterToActiveNorm,LocalCommute,CityCommute,DistantCommute,Subculture A,Subculture B,Subculture C,0,1,2,3
0,0,45137,45137,0,0,24542,20595,0,12278,0,32859,8271,12374,8187,16305
1,0,43100,27469,26237,10606,24542,18558,0,12278,0,30822,8256,12370,6169,16305
2,1,29344,24923,17769,13348,22424,6920,0,10296,0,19048,4129,6887,3311,15017
3,0,40299,8072,34928,2701,24501,15798,0,12253,0,28046,7634,12119,4241,16305
4,1,28768,21665,18424,11321,21866,6902,0,10249,0,18519,4127,6844,2794,15003
7,0,38106,7780,32991,2665,24296,13810,0,12154,0,25952,6439,11399,3986,16282
8,0,38526,18654,26949,7077,24346,14180,0,12205,0,26321,6559,11686,3989,16292
9,0,38528,19260,26598,7330,24348,14180,0,12207,0,26321,6559,11688,3989,16292
10,1,28511,19270,19042,9801,21669,6842,0,10138,0,18373,4127,6764,2675,14945
11,0,35836,7570,30880,2614,23879,11957,0,11937,0,23899,5467,10409,3740,16220
14,1,27889,15326,19929,7366,21188,6701,0,9723,0,18166,4124,6406,2554,14805
15,1,26835,6973,22935,3073,20448,6387,0,8871,0,17964,4123,5727,2494,14491
16,1,26528,6035,23050,2557,20249,6279,0,8630,0,17898,4123,5531,2491,14383
17,1,26410,5774,23061,2425,20169,6241,0,8532,0,17878,4123,5453,2490,14344
18,1,26364,5710,23043,2389,20135,6229,0,8493,0,17871,4123,5420,2490,14331
21,1,26339,5660,23045,2366,20122,6217,0,8474,0,17865,4123,5407,2490,14319
22,0,26631,5635,23355,2359,20308,6323,0,8710,0,17921,4123,5592,2490,14426
23,0,26633,5878,23227,2472,20310,6323,0,8712,0,17921,4123,5594,2490,14426
24,0,26633,5884,23228,2479,20310,6323,0,8712,0,17921,4123,5594,2490,14426
25,0,26633,5877,23226,2470,20310,6323,0,8712,0,17921,4123,5594,2490,14426
28,0,26633,5870,23240,2477,20310,6323,0,8712,0,17921,4123,5594,2490,14426
29,0,26633,5878,23230,2475,20310,6323,0,8712,0,17921,4123,5594,2490,14426
30,0,26633,5866,23234,2467,20310,6323,0,8712,0,17921,4123,5594,2490,14426
31,1,24508,5882,21119,2493,19217,5291,0,7413,0,17095,4122,4800,2195,13391
32,0,26621,4098,24273,1750,20302,6319,0,8701,0,17920,4123,5586,2490,14422
35,1,24506,5873,21122,2489,19217,5289,0,7412,0,17094,4122,4800,2195,13389
36,0,26519,4103,24166,1750,20235,6284,0,8618,0,17901,4123,5521,2490,14385
37,1,24461,5781,21117,2437,19198,5263,0,7380,0,17081,4122,4781,2195,13363
38,1,24237,4064,21915,1742,19109,5128,0,7236,0,17001,4122,4714,2174,13227
39,1,24219,3951,21959,1691,19105,5114,0,7223,0,16996,4122,4711,2174,13212
42,1,24217,3932,21978,1693,19104,5113,0,7222,0,16995,4122,4710,2174,13211
43,0,24483,3946,22228,1691,19203,5280,0,7397,0,17086,4122,4791,2191,13379
44,0,24484,4093,22139,1748,19204,5280,0,7398,0,17086,4122,4792,2191,13379
45,0,24484,4104,22136,1756,19204,5280,0,7398,0,17086,4122,4792,2191,13379
46,0,24484,4100,22143,1759,19204,5280,0,7398,0,17086,4122,4792,2191,13379
49,0,24484,4096,22145,1757,19204,5280,0,7398,0,17086,4122,4792,2191,13379
50,1,23318,4097,20983,1762,18830,4488,0,6753,0,16565,4121,4567,2050,12580
51,1,23209,3283,21372,1446,18796,4413,0,6689,0,16520,4121,4545,2043,12500
52,0,24286,3268,22462,1444,19122,5164,0,7270,0,17016,4122,4729,2173,13262
53,0,24288,3990,22014,1716,19123,5165,0,7271,0,17017,4122,4729,2174,13263
56,0,24288,3968,22023,1703,19123,5165,0,7271,0,17017,4122,4729,2174,13263
57,0,24288,3989,22011,1712,19123,5165,0,7271,0,17017,4122,4729,2174,13263
58,0,24288,3991,22005,1708,19123,5165,0,7271,0,17017,4122,4729,2174,13263
59,1,23157,3986,20892,1721,18787,4370,0,6660,0,16497,4121,4537,2042,12457
60,0,24283,3224,22480,1421,19120,5163,0,7268,0,17015,4121,4728,2173,13261
63,0,24284,3990,22008,1714,19120,5164,0,7269,0,17015,4121,4728,2173,13262
64,0,24284,3986,22008,1710,19120,5164,0,7269,0,17015,4121,4728,2173,13262
65,0,24284,3979,22013,1708,19120,5164,0,7269,0,17015,4121,4728,2173,13262
66,1,23157,3990,20892,1725,18787,4370,0,6660,0,16497,4121,4537,2042,12457
67,0,24274,3222,22474,1422,19114,5160,0,7261,0,17013,4121,4725,2173,13255
70,0,24278,3985,22007,1714,19116,5162,0,7263,0,17015,4121,4727,2173,13257
71,0,24278,3969,22009,1700,19116,5162,0,7263,0,17015,4121,4727,2173,13257
72,0,24278,3978,22008,1708,19116,5162,0,7263,0,17015,4121,4727,2173,13257
73,0,24278,3978,22010,1710,19116,5162,0,7263,0,17015,4121,4727,2173,13257
74,0,24278,3990,22004,1716,19116,5162,0,7263,0,17015,4121,4727,2173,13257
77,1,23157,3979,20899,1721,18787,4370,0,6660,0,16497,4121,4537,2042,12457
78,0,24271,3218,22467,1414,19111,5160,0,7258,0,17013,4121,4725,2173,13252
79,1,23157,3977,20897,1717,18787,4370,0,6660,0,16497,4121,4537,2042,12457
80,0,24141,3220,22343,1422,19034,5107,0,7202,0,16939,4121,4704,2122,13194
81,0,24153,3912,21917,1676,19037,5116,0,7210,0,16943,4121,4707,2122,13203
84,0,24153,3925,21911,1683,19037,5116,0,7210,0,16943,4121,4707,2122,13203
85,1,23129,3918,20897,1686,18769,4360,0,6653,0,16476,4121,4535,2026,12447
86,0,23991,3175,22215,1399,18943,5048,0,7145,0,16846,4121,4678,2057,13135
87,0,24003,3850,21799,1646,18948,5055,0,7155,0,16848,4121,4683,2057,13142
88,1,23090,3850,20891,1651,18746,4344,0,6641,0,16449,4121,4528,2010,12431
91,1,23050,3161,21285,1396,18739,4311,0,6620,0,16430,4121,4523,2008,12398
92,0,23165,3137,21416,1388,18788,4377,0,6664,0,16501,4121,4538,2042,12464
93,0,23165,3234,21362,1431,18788,4377,0,6664,0,16501,4121,4538,2042,12464
94,0,23165,3225,21366,1426,18788,4377,0,6664,0,16501,4121,4538,2042,12464
95,1,22497,3225,20702,1430,18681,3816,0,6307,0,16190,4121,4470,2006,11900
98,0,23162,2708,21704,1250,18788,4374,0,6662,0,16500,4121,4538,2042,12461
99,1,22496,3226,20705,1435,18681,3815,0,6306,0,16190,4121,4470,2006,11899
100,0,23137,2700,21682,1245,18769,4368,0,6660,0,16477,4121,4537,2024,12455
101,0,23137,3194,21355,1412,18769,4368,0,6660,0,16477,4121,4537,2024,12455
102,0,23137,3209,21342,1414,18769,4368,0,6660,0,16477,4121,4537,2024,12455
105,1,22479,3209,20694,1424,18668,3811,0,6301,0,16178,4121,4468,1995,11895
106,1,22377,2701,20924,1248,18644,3733,0,6234,0,16143,4121,4448,1995,11813
107,0,23034,2670,21606,1242,18733,4301,0,6608,0,16426,4121,4520,2008,12385
108,1,22339,3136,20600,1397,18632,3707,0,6217,0,16122,4121,4444,1987,11787
109,1,22320,2632,20912,1224,18630,3690,0,6205,0,16115,4121,4444,1986,11769
112,0,22479,2636,21072,1229,18667,3812,0,6300,0,16179,4121,4470,1996,11892
113,0,22480,2700,21031,1251,18667,3813,0,6300,0,16180,4121,4470,1996,11893
114,0,22480,2704,21030,1254,18667,3813,0,6300,0,16180,4121,4470,1996,11893
115,0,22480,2704,21026,1250,18667,3813,0,6300,0,16180,4121,4470,1996,11893
116,1,21872,2696,20428,1252,18586,3286,0,5955,0,15917,4121,4410,1983,11358
119,0,22472,2387,21228,1143,18667,3805,0,6297,0,16175,4121,4470,1996,11885
120,1,21869,2705,20422,1258,18585,3284,0,5953,0,15916,4121,4409,1983,11356
121,0,22416,2381,21178,1143,18654,3762,0,6258,0,16158,4121,4459,1995,11841
122,0,22416,2685,20975,1244,18654,3762,0,6258,0,16158,4121,4459,1995,11841
123,1,21852,2686,20415,1249,18583,3269,0,5945,0,15907,4121,4408,1983,11340
126,0,22368,2375,21129,1136,18635,3733,0,6233,0,16135,4121,4448,1988,11811
127,0,22370,2666,20943,1239,18635,3735,0,6233,0,16137,4121,4448,1988,11813
128,1,21833,2658,20411,1236,18580,3253,0,5939,0,15894,4121,4408,1980,11324
129,0,22335,2366,21101,1132,18624,3711,0,6211,0,16124,4121,4445,1986,11783
130,1,21816,2665,20399,1248,18578,3238,0,5929,0,15887,4121,4407,1980,11308
133,1,21752,2367,20518,1133,18565,3187,0,5892,0,15860,4121,4398,1979,11254
134,0,21873,2339,20658,1124,18583,3290,0,5956,0,15917,4121,4409,1983,11360
135,0,21873,2382,20636,1145,18583,3290,0,5956,0,15917,4121,4409,1983,11360
136,0,21873,2378,20632,1137,18583,3290,0,5956,0,15917,4121,4409,1983,11360
137,0,21873,2373,20639,1139,18583,3290,0,5956,0,15917,4121,4409,1983,11360
140,0,21873,2379,20638,1144,18583,3290,0,5956,0,15917,4121,4409,1983,11360
141,0,21873,2372,20643,1142,18583,3290,0,5956,0,15917,4121,4409,1983,11360
142,1,21422,2383,20186,1147,18536,2886,0,5707,0,15715,4121,4377,1978,10946
143,0,21873,2192,20763,1082,18583,3290,0,5956,0,15917,4121,4409,1983,11360
144,1,21422,2385,20184,1147,18536,2886,0,5707,0,15715,4121,4377,1978,10946
147,0,21860,2197,20744,1081,18578,3282,0,5951,0,15909,4121,4408,1981,11350
148,1,21418,2379,20182,1143,18535,2883,0,5704,0,15714,4121,4376,1978,10943
149,1,21381,2200,20267,1086,18526,2855,0,5681,0,15700,4121,4369,1978,10913
150,1,21377,2190,20270,1083,18524,2853,0,5678,0,15699,4121,4368,1978,10910
151,1,21377,2195,20265,1083,18524,2853,0,5678,0,15699,4121,4368,1978,10910
154,1,21377,2185,20272,1080,18524,2853,0,5678,0,15699,4121,4368,1978,10910
155,0,21396,2198,20280,1082,18529,2867,0,5691,0,15705,4121,4373,1978,10924
156,1,21143,2203,20029,1089,18502,2641,0,5539,0,15604,4121,4353,1977,10692
157,1,21116,2110,20056,1050,18494,2622,0,5521,0,15595,4121,4347,1977,10671
158,0,21377,2101,20323,1047,18524,2853,0,5678,0,15699,4121,4368,1978,10910
161,0,21377,2193,20265,1081,18524,2853,0,5678,0,15699,4121,4368,1978,10910
162,1,21109,2192,20002,1085,18491,2618,0,5517,0,15592,4121,4345,1977,10666
163,0,21375,2107,20321,1053,18522,2853,0,5677,0,15698,4121,4367,1978,10909
164,0,21375,2197,20265,1087,18522,2853,0,5677,0,15698,4121,4367,1978,10909
165,0,21375,2186,20275,1086,18522,2853,0,5677,0,15698,4121,4367,1978,10909
168,0,21375,2191,20262,1078,18522,2853,0,5677,0,15698,4121,4367,1978,10909
169,0,21375,2198,20263,1086,18522,2853,0,5677,0,15698,4121,4367,1978,10909
170,0,21375,2193,20267,1085,18522,2853,0,5677,0,15698,4121,4367,1978,10909
171,0,21375,2200,20265,1090,18522,2853,0,5677,0,15698,4121,4367,1978,10909
172,0,21375,2194,20261,1080,18522,2853,0,5677,0,15698,4121,4367,1978,10909
175,1,21109,2186,20004,1081,18491,2618,0,5517,0,15592,4121,4345,1977,10666
176,1,21106,2104,20050,1048,18490,2616,0,5515,0,15591,4121,4344,1977,10664
177,1,21106,2105,20055,1054,18490,2616,0,5515,0,15591,4121,4344,1977,10664
178,0,21223,2100,20172,1049,18500,2723,0,5588,0,15635,4121,4354,1977,10771
179,0,21223,2163,20132,1072,18500,2723,0,5588,0,15635,4121,4354,1977,10771
182,0,21223,2155,20135,1067,18500,2723,0,5588,0,15635,4121,4354,1977,10771
183,0,21223,2161,20135,1073,18500,2723,0,5588,0,15635,4121,4354,1977,10771
184,0,21223,2159,20134,1070,18500,2723,0,5588,0,15635,4121,4354,1977,10771
185,0,21223,2152,20140,1069,18500,2723,0,5588,0,15635,4121,4354,1977,10771
186,0,21223,2155,20135,1067,18500,2723,0,5588,0,15635,4121,4354,1977,10771
189,0,21223,2154,20134,1065,18500,2723,0,5588,0,15635,4121,4354,1977,10771
190,0,21223,2153,20135,1065,18500,2723,0,5588,0,15635,4121,4354,1977,10771
191,0,21223,2160,20130,1067,18500,2723,0,5588,0,15635,4121,4354,1977,10771
192,0,21223,2151,20136,1064,18500,2723,0,5588,0,15635,4121,4354,1977,10771
193,0,21223,2165,20128,1070,18500,2723,0,5588,0,15635,4121,4354,1977,10771
196,0,21223,2154,20139,1070,18500,2723,0,5588,0,15635,4121,4354,1977,10771
197,0,21223,2162,20130,1069,18500,2723,0,5588,0,15635,4121,4354,1977,10771
198,0,21223,2161,20134,1072,18500,2723,0,5588,0,15635,4121,4354,1977,10771
199,0,21223,2147,20136,1060,18500,2723,0,5588,0,15635,4121,4354,1977,10771
200,0,21223,2156,20136,1069,18500,2723,0,5588,0,15635,4121,4354,1977,10771
203,0,21223,2155,20138,1070,18500,2723,0,5588,0,15635,4121,4354,1977,10771
204,0,21223,2153,20136,1066,18500,2723,0,5588,0,15635,4121,4354,1977,10771
205,0,21223,2163,20133,1073,18500,2723,0,5588,0,15635,4121,4354,1977,10771
206,1,21041,2158,19950,1067,18485,2556,0,5478,0,15563,4121,4341,1976,10603
207,0,21223,2083,20185,1045,18500,2723,0,5588,0,15635,4121,4354,1977,10771
210,1,21041,2158,19955,1072,18485,2556,0,5478,0,15563,4121,4341,1976,10603
211,0,21223,2086,20188,1051,18500,2723,0,5588,0,15635,4121,4354,1977,10771
212,0,21223,2154,20139,1070,18500,2723,0,5588,0,15635,4121,4354,1977,10771
213,0,21223,2162,20132,1071,18500,2723,0,5588,0,15635,4121,4354,1977,10771
214,0,21223,2161,20131,1069,18500,2723,0,5588,0,15635,4121,4354,1977,10771
217,0,21223,2150,20139,1066,18500,2723,0,5588,0,15635,4121,4354,1977,10771
218,0,21223,2146,20137,1060,18500,2723,0,5588,0,15635,4121,4354,1977,10771
219,0,21223,2146,20136,1059,18500,2723,0,5588,0,15635,4121,4354,1977,10771
220,0,21223,2153,20134,1064,18500,2723,0,5588,0,15635,4121,4354,1977,10771
221,0,21223,2157,20136,1070,18500,2723,0,5588,0,15635,4121,4354,1977,10771
224,0,21223,2156,20135,1068,18500,2723,0,5588,0,15635,4121,4354,1977,10771
225,0,21223,2154,20139,1070,18500,2723,0,5588,0,15635,4121,4354,1977,10771
226,1,21041,2152,19955,1066,18485,2556,0,5478,0,15563,4121,4341,1976,10603
227,0,21223,2082,20190,1049,18500,2723,0,5588,0,15635,4121,4354,1977,10771
228,0,21223,2148,20135,1060,18500,2723,0,5588,0,15635,4121,4354,1977,10771
231,1,21041,2149,19955,1063,18485,2556,0,5478,0,15563,4121,4341,1976,10603
232,0,21223,2077,20187,1041,18500,2723,0,5588,0,15635,4121,4354,1977,10771
233,1,21041,2158,19953,1070,18485,2556,0,5478,0,15563,4121,4341,1976,10603
234,0,21221,2081,20189,1049,18499,2722,0,5587,0,15634,4121,4354,1977,10769
235,1,21040,2148,19958,1066,18485,2555,0,5478,0,15562,4121,4341,1976,10602
238,0,21201,2077,20171,1047,18495,2706,0,5577,0,15624,4121,4351,1976,10753
239,0,21201,2143,20121,1063,18495,2706,0,5577,0,15624,4121,4351,1976,10753
240,0,21201,2152,20115,1066,18495,2706,0,5577,0,15624,4121,4351,1976,10753
241,0,21201,2152,20116,1067,18495,2706,0,5577,0,15624,4121,4351,1976,10753
242,0,21201,2155,20115,1069,18495,2706,0,5577,0,15624,4121,4351,1976,10753
245,0,21201,2150,20116,1065,18495,2706,0,5577,0,15624,4121,4351,1976,10753
246,0,21201,2142,20119,1060,18495,2706,0,5577,0,15624,4121,4351,1976,10753
247,1,21033,2154,19945,1066,18484,2549,0,5472,0,15561,4121,4341,1976,10595
248,0,21201,2077,20170,1046,18495,2706,0,5577,0,15624,4121,4351,1976,10753
249,0,21201,2145,20120,1064,18495,2706,0,5577,0,15624,4121,4351,1976,10753
252,1,21033,2152,19948,1067,18484,2549,0,5472,0,15561,4121,4341,1976,10595
253,0,21201,2086,20167,1052,18495,2706,0,5577,0,15624,4121,4351,1976,10753
254,0,21201,2154,20114,1067,18495,2706,0,5577,0,15624,4121,4351,1976,10753
255,1,21033,2155,19949,1071,18484,2549,0,5472,0,15561,4121,4341,1976,10595
256,0,21175,2080,20142,1047,18493,2682,0,5563,0,15612,4121,4349,1976,10729
259,1,21019,2151,19939,1071,18482,2537,0,5463,0,15556,4121,4340,1976,10582
260,1,21010,2076,19983,1049,18479,2531,0,5458,0,15552,4121,4337,1976,10576
261,0,21038,2079,20006,1047,18484,2554,0,5476,0,15562,4121,4341,1976,10600
262,0,21038,2082,20003,1047,18484,2554,0,5476,0,15562,4121,4341,1976,10600
263,1,20895,2075,19866,1046,18471,2424,0,5396,0,15499,4121,4330,1976,10468
266,0,21033,2022,20040,1029,18483,2550,0,5472,0,15561,4121,4341,1976,10595
267,1,20894,2087,19862,1055,18471,2423,0,5395,0,15499,4121,4330,1976,10467
268,0,21031,2035,20031,1035,18483,2548,0,5470,0,15561,4121,4341,1976,10593
269,0,21032,2082,20005,1055,18483,2549,0,5471,0,15561,4121,4341,1976,10594
270,0,21032,2087,19998,1053,18483,2549,0,5471,0,15561,4121,4341,1976,10594
273,0,21032,2081,19998,1047,18483,2549,0,5471,0,15561,4121,4341,1976,10594
274,0,21032,2078,19998,1044,18483,2549,0,5471,0,15561,4121,4341,1976,10594
275,0,21032,2078,20004,1050,18483,2549,0,5471,0,15561,4121,4341,1976,10594
276,1,20893,2093,19855,1055,18470,2423,0,5394,0,15499,4121,4330,1976,10466
277,0,21031,2023,20032,1024,18483,2548,0,5470,0,15561,4121,4341,1976,10593
280,0,21032,2074,20005,1047,18483,2549,0,5471,0,15561,4121,4341,1976,10594
281,0,21032,2077,20002,1047,18483,2549,0,5471,0,15561,4121,4341,1976,10594
282,0,21032,2078,20002,1048,18483,2549,0,5471,0,15561,4121,4341,1976,10594
283,0,21032,2084,19996,1048,18483,2549,0,5471,0,15561,4121,4341,1976,10594
284,0,21032,2078,20003,1049,18483,2549,0,5471,0,15561,4121,4341,1976,10594
287,0,21032,2075,20005,1048,18483,2549,0,5471,0,15561,4121,4341,1976,10594
288,0,21032,2081,20000,1049,18483,2549,0,5471,0,15561,4121,4341,1976,10594
289,0,21032,2080,20002,1050,18483,2549,0,5471,0,15561,4121,4341,1976,10594
290,0,21032,2081,19999,1048,18483,2549,0,5471,0,15561,4121,4341,1976,10594
291,0,21032,2081,19997,1046,18483,2549,0,5471,0,15561,4121,4341,1976,10594
294,0,21032,2083,19996,1047,18483,2549,0,5471,0,15561,4121,4341,1976,10594
295,0,21032,2077,20001,1046,18483,2549,0,5471,0,15561,4121,4341,1976,10594
296,0,21032,2086,19997,1051,18483,2549,0,5471,0,15561,4121,4341,1976,10594
297,0,21032,2077,20003,1048,18483,2549,0,5471,0,15561,4121,4341,1976,10594
298,1,20893,2074,19868,1049,18470,2423,0,5394,0,15499,4121,4330,1976,10466
301,0,21032,2029,20039,1036,18483,2549,0,5471,0,15561,4121,4341,1976,10594
302,1,20893,2080,19863,1050,18470,2423,0,5394,0,15499,4121,4330,1976,10466
303,1,20885,2029,19890,1034,18469,2416,0,5392,0,15493,4121,4329,1976,10459
304,1,20885,2033,19885,1033,18469,2416,0,5392,0,15493,4121,4329,1976,10459
305,0,20949,2025,19957,1033,18472,2477,0,5425,0,15524,4121,4332,1976,10520
308,0,20949,2051,19939,1041,18472,2477,0,5425,0,15524,4121,4332,1976,10520
309,1,20860,2056,19853,1049,18467,2393,0,5381,0,15479,4121,4327,1976,10436
310,0,20895,2024,19902,1031,18470,2425,0,5395,0,15500,4121,4330,1976,10468
311,0,20895,2029,19901,1035,18470,2425,0,5395,0,15500,4121,4330,1976,10468
312,0,20895,2034,19900,1039,18470,2425,0,5395,0,15500,4121,4330,1976,10468
315,1,20807,2027,19813,1033,18461,2346,0,5353,0,15454,4121,4323,1976,10387
316,0,20895,2002,19914,1021,18470,2425,0,5395,0,15500,4121,4330,1976,10468
317,0,20895,2033,19899,1037,18470,2425,0,5395,0,15500,4121,4330,1976,10468
318,0,20895,2042,19892,1039,18470,2425,0,5395,0,15500,4121,4330,1976,10468
319,1,20807,2034,19811,1038,18461,2346,0,5353,0,15454,4121,4323,1976,10387
322,0,20895,2004,19913,1022,18470,2425,0,5395,0,15500,4121,4330,1976,10468
323,0,20895,2038,19891,1034,18470,2425,0,5395,0,15500,4121,4330,1976,10468
324,1,20807,2026,19814,1033,18461,2346,0,5353,0,15454,4121,4323,1976,10387
325,0,20888,2012,19906,1030,18469,2419,0,5393,0,15495,4121,4329,1976,10462
326,0,20888,2029,19893,1034,18469,2419,0,5393,0,15495,4121,4329,1976,10462
329,0,20888,2028,19894,1034,18469,2419,0,5393,0,15495,4121,4329,1976,10462
330,0,20888,2034,19890,1036,18469,2419,0,5393,0,15495,4121,4329,1976,10462
331,0,20888,2032,19894,1038,18469,2419,0,5393,0,15495,4121,4329,1976,10462
332,0,20888,2029,19894,1035,18469,2419,0,5393,0,15495,4121,4329,1976,10462
333,0,20888,2034,19890,1036,18469,2419,0,5393,0,15495,4121,4329,1976,10462
336,0,20888,2027,19893,1032,18469,2419,0,5393,0,15495,4121,4329,1976,10462
337,1,20806,2032,19810,1036,18461,2345,0,5353,0,15453,4121,4323,1976,10386
338,1,20798,2017,19813,1032,18458,2340,0,5349,0,15449,4121,4320,1976,10381
339,0,20882,2012,19902,1032,18467,2415,0,5390,0,15492,4121,4329,1976,10456
340,0,20884,2022,19890,1028,18467,2417,0,5391,0,15493,4121,4329,1976,10458
343,1,20798,2025,19803,1030,18458,2340,0,5349,0,15449,4121,4320,1976,10381
344,1,20798,2019,19809,1030,18458,2340,0,5349,0,15449,4121,4320,1976,10381
345,1,20798,2009,19814,1025,18458,2340,0,5349,0,15449,4121,4320,1976,10381
346,0,20806,2009,19821,1024,18460,2346,0,5352,0,15454,4121,4322,1976,10387
347,0,20806,2012,19824,1030,18460,2346,0,5352,0,15454,4121,4322,1976,10387
350,0,20806,2010,19821,1025,18460,2346,0,5352,0,15454,4121,4322,1976,10387
351,0,20806,2008,19821,1023,18460,2346,0,5352,0,15454,4121,4322,1976,10387
352,1,20744,2003,19764,1023,18456,2288,0,5319,0,15425,4121,4320,1976,10327
353,0,20806,1999,19829,1022,18460,2346,0,5352,0,15454,4121,4322,1976,10387
354,1,20744,2009,19761,1026,18456,2288,0,5319,0,15425,4121,4320,1976,10327
357,0,20798,1995,19824,1021,18458,2340,0,5349,0,15449,4121,4320,1976,10381
358,0,20798,2003,19818,1023,18458,2340,0,5349,0,15449,4121,4320,1976,10381
359,0,20798,2009,19819,1030,18458,2340,0,5349,0,15449,4121,4320,1976,10381
360,0,20798,2009,19816,1027,18458,2340,0,5349,0,15449,4121,4320,1976,10381
361,0,20798,2009,19815,1026,18458,2340,0,5349,0,15449,4121,4320,1976,10381
364,1,20743,2013,19760,1030,18456,2287,0,5318,0,15425,4121,4320,1976,10326
